0.11027490347623825
0.10561810433864594
0.11810596287250519
0.08688894659280777
0.08917275071144104
0.09174280613660812
0.09008078277111053
0.08560658991336823
0.084213986992836
0.07555604726076126
0.07499393820762634
0.06427907198667526
0.06692792475223541
0.05958815664052963
0.06249450892210007
0.05842897295951843
0.05924949422478676
0.06002882495522499
0.05675186961889267
0.05630229413509369
0.05643480643630028
0.05456838756799698
0.055675867944955826
0.05624581128358841
0.054055728018283844
0.05394955724477768
0.0549372062087059
0.05329371988773346
0.0551629438996315
0.05360671132802963
0.052288420498371124
0.05542146414518356
0.052315764129161835
0.05322907119989395
0.05266986042261124
0.05020173639059067
0.05290032923221588
0.0518999844789505
0.05078959837555885
0.05310814455151558
0.05111844837665558
0.05259362608194351
0.04957079887390137
0.05264347046613693
0.050196196883916855
0.05193261429667473
0.049570973962545395
0.05194293335080147
0.053812675178050995
0.05448093265295029
0.05047184228897095
0.04901745542883873
0.04768982157111168
0.04982350766658783
0.051287196576595306
0.050030581653118134
0.04944710433483124
0.051883578300476074
0.048634085804224014
0.04846148192882538
0.05094398185610771
0.049097705632448196
0.04997389018535614
0.05008799582719803
0.04999583214521408
0.04944784194231033
0.05095292255282402
0.04898998141288757
0.04931269586086273
0.051003552973270416
0.04828805848956108
0.050099536776542664
0.051917657256126404
0.050048500299453735
0.04961712658405304
0.05055106803774834
0.052015118300914764
0.05230826511979103
0.046793386340141296
0.04958903044462204
0.04992193356156349
0.050635457038879395
0.04826096445322037
0.05002347752451897
0.04925071448087692
0.051502831280231476
0.04777705669403076
0.049041301012039185
0.04804677516222
0.05085766315460205
0.04777485877275467
0.049897223711013794
0.04861731082201004
0.04852239042520523
0.04844190180301666
0.04852210730314255
0.049135852605104446
0.050873711705207825
0.04949338734149933
0.045202746987342834
0.04435054957866669
0.047839898616075516
0.04706938564777374
0.049003127962350845
0.047923147678375244
0.04572369158267975
0.0458792969584465
0.048811718821525574
0.04916434362530708
0.04730629175901413
0.04979417473077774
0.04872170463204384
0.045506350696086884
0.04864479601383209
0.049767203629016876
0.04809895157814026
0.04866986721754074
0.0464116632938385
0.04705818369984627
0.04875188320875168
0.04530513286590576
0.04677794128656387
0.04558020085096359
0.04669136926531792
0.04662713408470154
0.048163630068302155
0.04787081107497215
0.04811648651957512
0.048280268907547
0.04901779443025589
0.044551629573106766
0.04652213305234909
0.047847528010606766
0.04282017797231674
0.04601909592747688
0.046936895698308945
0.047523822635412216
0.0444805771112442
0.04492063820362091
0.048518188297748566
0.04668175429105759
0.04663815721869469
0.04767722636461258
0.04780614748597145
0.0476066917181015
0.051182352006435394
0.04577293246984482
0.04771941527724266
0.04615481197834015
0.04518147557973862
0.046646490693092346
0.04613012075424194
0.04551979526877403
0.046305231750011444
0.047892212867736816
0.0464622899889946
0.047973208129405975
0.0477922260761261
0.04638241231441498
0.046148769557476044
0.04522356390953064
0.04586707428097725
0.047749876976013184
0.04765968769788742
0.04526093602180481
0.044529952108860016
0.046658508479595184
0.044990140944719315
0.04499172419309616
0.04538054019212723
0.04591527581214905
0.047805193811655045
0.047273822128772736
0.04597063362598419
0.04754173755645752
0.045481178909540176
0.0458412691950798
0.04306190833449364
0.04470236599445343
0.04721629247069359
0.045248422771692276
0.04406848922371864
0.04591764137148857
0.04551827162504196
0.044741299003362656
0.04420463368296623
0.04607094079256058
0.04529678449034691
0.0438026487827301
0.04425472766160965
0.04369835555553436
0.043624427169561386
0.047047264873981476
0.04340400919318199
0.04374222829937935
0.04462546855211258
0.04609780013561249
0.0441826730966568
0.044937148690223694
0.044842470437288284
0.04490860924124718
0.04323463886976242
0.04317643493413925
0.044418901205062866
0.045078445225954056
0.044897228479385376
0.04304759204387665
0.0410139262676239
0.045053254812955856
0.04722105339169502
0.04283620044589043
0.043543554842472076
0.04250765219330788
0.04433540254831314
0.04468980431556702
0.04225429892539978
0.04440981149673462
0.04323594272136688
0.04166872054338455
0.044203020632267
0.04381440579891205
0.04442223161458969
0.042603060603141785
0.04646924138069153
0.045213483273983
0.04342730715870857
0.04407673329114914
0.04351760447025299
0.043610524386167526
0.044664449989795685
0.04286479949951172
0.04140159860253334
0.04236544668674469
0.04497537389397621
0.041908375918865204
0.043133534491062164
0.04414510726928711
0.04134600609540939
0.042970605194568634
0.041999123990535736
0.042669035494327545
0.041088346391916275
0.04329323023557663
0.043986834585666656
0.04205465316772461
0.04424970597028732
0.044038236141204834
0.04306892305612564
0.041823532432317734
0.04428351670503616
0.04306865483522415
0.0426662340760231
0.04345671832561493
0.042803436517715454
0.0396956205368042
0.04207177460193634
0.04441707581281662
0.04341914504766464
0.043123938143253326
0.042532145977020264
0.04294063150882721
0.042263202369213104
0.0427897572517395
0.04516743868589401
0.04231061041355133
0.042633600533008575
0.04256812110543251
0.040843665599823
0.044044360518455505
0.04211409389972687
0.042907487601041794
0.04144489765167236
0.04433446377515793
0.042330652475357056
0.041794825345277786
0.041609905660152435
0.04308817535638809
0.042398661375045776
0.0442059189081192
0.04227406904101372
0.04211178421974182
0.04370679706335068
0.04126401245594025
0.04221329838037491
0.04377998784184456
0.044051554054021835
0.04300076887011528
0.04208424687385559
0.04093175753951073
0.04292439669370651
0.04570358246564865
0.04273658245801926
0.041952602565288544
0.04273688420653343
0.04128127545118332
0.04213756322860718
0.04341999813914299
0.04224336892366409
0.043652646243572235
0.04178464040160179
0.04191987216472626
0.044710323214530945
0.04276414215564728
0.044834867119789124
0.04420309513807297
0.043196529150009155
0.042843908071517944
0.04144008830189705
0.04156512767076492
0.04181867837905884
0.04525364190340042
0.04345552623271942
0.04275985807180405
0.04208480566740036
0.04288388043642044
0.043308600783348083
0.04420609772205353
0.04390311241149902
0.04234548285603523
0.0430411696434021
0.0421738401055336
0.042483776807785034
0.04354015737771988
0.04334227740764618
0.042761243879795074
0.040572963654994965
0.041061028838157654
0.042108409106731415
0.04176511615514755
0.04292716085910797
0.04293946176767349
0.04192368686199188
0.04327019676566124
0.04236220195889473
0.042334094643592834
0.04244370386004448
0.04444520175457001
0.04471714422106743
0.04457459971308708
0.042357444763183594
0.04312635958194733
0.04138541221618652
0.03940582275390625
0.04175717383623123
0.04187716543674469
0.041150376200675964
0.041165463626384735
0.043411675840616226
0.044305626302957535
0.043905340135097504
0.045079924166202545
0.042487047612667084
0.0428735576570034
0.040146902203559875
0.041610684245824814
0.04463871568441391
0.04227630794048309
0.04427322745323181
0.04226726293563843
0.04283463954925537
0.04320868104696274
0.04352840781211853
0.04185076057910919
0.04251106455922127
0.04288645088672638
0.039431072771549225
0.04198644310235977
0.04082556813955307
0.04159953445196152
0.04237809032201767
0.04475841671228409
0.04224993288516998
0.042180903255939484
0.04190610349178314
0.04132676124572754
0.04334569722414017
0.042814262211322784
0.042872630059719086
0.04180721566081047
0.04049859195947647
0.0424945205450058
0.04072984308004379
0.04373763129115105
0.04030901938676834
0.04368233308196068
0.04237575829029083
0.043707624077796936
0.04407668113708496
0.04065285623073578
0.04323391616344452
0.0423375703394413
0.04211463779211044
0.039256706833839417
0.040635157376527786
0.03972844034433365
0.04144619032740593
0.044305406510829926
0.042995426803827286
0.044172946363687515
0.041381847113370895
0.042567986994981766
0.04185186326503754
0.04195582494139671
0.04426630586385727
0.041938889771699905
0.04188031330704689
0.03954625874757767
0.04410110414028168
0.03965282067656517
0.04296383261680603
0.041815776377916336
0.04086250811815262
0.040814705193042755
0.041706815361976624
0.04058672860264778
0.041816625744104385
0.040865883231163025
0.04390588402748108
0.042321354150772095
0.04033254086971283
0.04190029203891754
0.04191756248474121
0.043074652552604675
0.04092540591955185
0.04177521914243698
0.04009721800684929
0.03978905454277992
0.04175175353884697
0.04236547648906708
0.04019152373075485
0.04035605117678642
0.041703201830387115
0.04195334017276764
0.04050179943442345
0.04418882727622986
0.0420185849070549
0.04148482531309128
0.0400686040520668
0.043367303907871246
0.04113290086388588
0.04134662449359894
0.04138895869255066
0.04313691705465317
0.042069725692272186
0.0423944890499115
0.0399227999150753
0.03923072665929794
0.03890358656644821
0.044360317289829254
0.04109254851937294
0.04366022348403931
0.04051804170012474
0.04007376357913017
0.04214305430650711
0.0417160801589489
0.042970702052116394
0.04167094826698303
0.04199066013097763
0.042507439851760864
0.04166916385293007
0.03986911103129387
0.04025871306657791
0.04160712659358978
0.04227305203676224
0.04306556656956673
0.04015516862273216
0.04197394847869873
0.04012027010321617
0.041142456233501434
0.042672984302043915
0.041950665414333344
0.03979206085205078
0.04186195135116577
0.04116389900445938
0.03943771868944168
0.04157149791717529
0.04165259003639221
0.04102800041437149
0.04002950340509415
0.04198472946882248
0.04120686650276184
0.04043350741267204
0.04144126921892166
0.04194663465023041
0.04253118112683296
0.04344601556658745
0.0405784547328949
0.04048716276884079
0.04154833406209946
0.03893342614173889
0.04342193156480789
0.039019763469696045
0.03933469578623772
0.04278062656521797
0.04191402345895767
0.03949960693717003
0.0400470569729805
0.04208344966173172
0.04118639975786209
0.04135063290596008
0.04163801670074463
0.04122517257928848
0.04239353537559509
0.04287564754486084
0.04236678034067154
0.042026158422231674
0.041159749031066895
0.03988223895430565
0.04145285487174988
0.03930334374308586
0.04090972989797592
0.04241393506526947
0.04286595433950424
0.041274793446063995
0.04397100955247879
0.04064827784895897
0.04130348563194275
0.04013414308428764
0.04167160391807556
0.041140057146549225
0.04145774990320206
0.04167811572551727
0.04109760373830795
0.041319020092487335
0.042595140635967255
0.04163074120879173
0.04111352562904358
0.042557522654533386
0.04281647503376007
0.04060607776045799
0.04131747782230377
0.042298540472984314
0.04272034019231796
0.041597310453653336
0.044026874005794525
0.040397822856903076
0.04019711911678314
0.04103007912635803
0.04126037657260895
0.04263486713171005
0.04123274236917496
0.041275300085544586
0.04219050705432892
0.04151637852191925
0.04109397530555725
0.03955637663602829
0.04069206863641739
0.0398043729364872
0.039466194808483124
0.04257079213857651
0.04116214066743851
0.04208199679851532
0.04116161912679672
0.04107678681612015
0.0400874949991703
0.0413738489151001
0.041644155979156494
0.04193856939673424
0.041101399809122086
0.04097992181777954
0.03937067091464996
0.0423365980386734
0.04101400449872017
0.04038354381918907
0.042773954570293427
0.040462903678417206
0.03947605565190315
0.04110724478960037
0.04090118408203125
0.042827341705560684
0.040565572679042816
0.04145888239145279
0.03989327698945999
0.04245472326874733
0.040070030838251114
0.04262067377567291
0.042825452983379364
0.04421661049127579
0.0413304902613163
0.04110850393772125
0.04309234395623207
0.04470233619213104
0.041901007294654846
0.042148567736148834
0.040794841945171356
0.042210765182971954
0.0415019616484642
0.04245707392692566
0.04166857898235321
0.04171040654182434
0.039437077939510345
0.04236873984336853
0.04052024334669113
0.0400489941239357
0.041110649704933167
0.0425853505730629
0.041075997054576874
0.03998708352446556
0.04030353203415871
0.0416913740336895
0.04031277447938919
0.0406697541475296
0.04009298235177994
0.04137985035777092
0.04007543623447418
0.040961943566799164
0.04292483627796173
0.039003197103738785
0.041326604783535004
0.041965946555137634
0.04242745414376259
0.03942062333226204
0.03812931478023529
0.04476629197597504
0.04188817739486694
0.0404742956161499
0.04098869860172272
0.04152907431125641
0.04028322920203209
0.04260079935193062
0.04108557850122452
0.04190998524427414
0.04238463193178177
0.04109686613082886
0.039972417056560516
0.04075708985328674
0.04145435243844986
0.039644479751586914
0.04231710359454155
0.04248974099755287
0.041043005883693695
0.04079733043909073
0.0398414209485054
0.040383391082286835
0.04223670810461044
0.04099196940660477
0.03969460353255272
0.039988063275814056
0.041788265109062195
0.04102649539709091
0.03872721642255783
0.04070638120174408
0.039892252534627914
0.04232875257730484
0.03863939270377159
0.04115210473537445
0.040673643350601196
0.041823312640190125
0.043300047516822815
0.04093591123819351
0.039831213653087616
0.04023168981075287
0.04044729471206665
0.03981543704867363
0.03984707593917847
0.03945937007665634
0.040383897721767426
0.0385507196187973
0.04120013490319252
0.03924344480037689
0.039133183658123016
0.040576715022325516
0.04041296988725662
0.04061727970838547
0.040450334548950195
0.040253520011901855
0.042123280465602875
0.04019862413406372
0.03945449739694595
0.04114210978150368
0.04145794361829758
0.042805783450603485
0.03931708261370659
0.03941810131072998
0.039290666580200195
0.03943854942917824
0.040629707276821136
0.041530877351760864
0.04096083715558052
0.04209420830011368
0.04131755977869034
0.04051973298192024
0.038798779249191284
0.04143794625997543
0.04128802567720413
0.03897322714328766
0.040351901203393936
0.039240896701812744
0.041654072701931
0.04150020331144333
0.041704852133989334
0.04219014570116997
0.041811369359493256
0.04154960811138153
0.03812620788812637
0.039281148463487625
0.04008182883262634
0.04111313819885254
0.041239820420742035
0.04320859909057617
0.03939671069383621
0.039843060076236725
0.03960032761096954
0.03980120271444321
0.03951238468289375
0.041639067232608795
0.03966406360268593
0.04224563017487526
0.04140781611204147
0.039836615324020386
0.03853834792971611
0.0408351793885231
0.04021287336945534
0.0415152907371521
0.03914579749107361
0.04045099765062332
0.04032600671052933
0.04261860251426697
0.040411576628685
0.0415467843413353
0.04145599901676178
0.03978186473250389
0.04183535277843475
0.039242565631866455
0.039897747337818146
0.04208780452609062
0.03995547816157341
0.0421537384390831
0.041700832545757294
0.04168642312288284
0.04181144759058952
0.04015062749385834
0.04153261333703995
0.03964599221944809
0.0400175042450428
0.04247768968343735
0.03934571519494057
0.04221610724925995
0.04128970950841904
0.039901141077280045
0.03938161954283714
0.04209735989570618
0.040881916880607605
0.03953840583562851
0.041285350918769836
0.042146895080804825
0.041399307548999786
0.03972780331969261
0.04196922853589058
0.04047928750514984
0.0408373698592186
0.041586555540561676
0.03839636221528053
0.04128900170326233
0.03977852314710617
0.04065544158220291
0.0393473282456398
0.04054764658212662
0.04054272174835205
0.03986649587750435
0.04041281342506409
0.037556007504463196
0.041953958570957184
0.04113689437508583
0.04088735952973366
0.04072047024965286
0.043504130095243454
0.039144694805145264
0.04128839820623398
0.04267007112503052
0.04276304692029953
0.04031198471784592
0.0415920652449131
0.039559412747621536
0.03965184837579727
0.039509985595941544
0.039654430001974106
0.04069434106349945
0.03987511992454529
0.041078563779592514
0.0422859713435173
0.03902563452720642
0.039746176451444626
0.04015256464481354
0.03929693251848221
0.03797726705670357
0.04052833467721939
0.03995226323604584
0.041441887617111206
0.04180164635181427
0.041527941823005676
0.041627347469329834
0.03991872817277908
0.04212001711130142
0.03873950242996216
0.04283501207828522
0.04105641692876816
0.04125739261507988
0.04015417769551277
0.03992750495672226
0.03949543088674545
0.03736913576722145
0.03849754482507706
0.03858012706041336
0.04022429510951042
0.039120711386203766
0.040695108473300934
0.03921976312994957
0.04175068065524101
0.04054643213748932
0.04058114439249039
0.040027789771556854
0.03917916119098663
0.041052669286727905
0.03779727965593338
0.03958221524953842
0.04079241305589676
0.04252615571022034
0.039265356957912445
0.04040447250008583
0.0408388152718544
0.03832890838384628
0.03899972885847092
0.04173789918422699
0.03979133442044258
0.0378275141119957
0.042919889092445374
0.040065038949251175
0.037837691605091095
0.0399051196873188
0.040348879992961884
0.040011610835790634
0.040843814611434937
0.04173959046602249
0.041080541908741
0.03913789987564087
0.040580399334430695
0.03999508544802666
0.040377795696258545
0.042615748941898346
0.04010262340307236
0.04180598258972168
0.038125474005937576
0.041047170758247375
0.040416669100522995
0.039224326610565186
0.04023963212966919
0.040852420032024384
0.0422833114862442
0.03955868259072304
0.040401216596364975
0.041302017867565155
0.04012593626976013
0.040337421000003815
0.042061202228069305
0.03902804106473923
0.041303277015686035
0.04137483984231949
0.04020606353878975
0.04083530977368355
0.03862609714269638
0.03967014327645302
0.043646473437547684
0.040591828525066376
0.039720214903354645
0.04056790471076965
0.040886737406253815
0.040683045983314514
0.04309985041618347
0.040110327303409576
0.041008174419403076
0.040697067975997925
0.04191151261329651
0.04039177671074867
0.04378635808825493
0.03919168561697006
0.038185328245162964
0.041620686650276184
0.041361525654792786
0.03872165456414223
0.04056599736213684
0.03835304081439972
0.04135877266526222
0.04114896059036255
0.038213033229112625
0.040660928934812546
0.03960364684462547
0.03902532532811165
0.03926194831728935
0.03819406032562256
0.03784902021288872
0.039937540888786316
0.03925871476531029
0.04189269244670868
0.04177185148000717
0.03943297266960144
0.040510110557079315
0.04021036624908447
0.040228553116321564
0.040195073932409286
0.03972051665186882
0.040013477206230164
0.04134431481361389
0.040158532559871674
0.04077964648604393
0.039149828255176544
0.04098155349493027
0.03840671479701996
0.03876575827598572
0.040403664112091064
0.040802448987960815
0.039497144520282745
0.0388617217540741
0.04173923283815384
0.039857491850852966
0.04313426464796066
0.04117520898580551
0.04074867069721222
0.03964235261082649
0.0402517095208168
0.04067663475871086
0.041704557836055756
0.038877323269844055
0.04074610024690628
0.03837362676858902
0.04174957424402237
0.040116287767887115
0.03831854462623596
0.039369285106658936
0.041839323937892914
0.04114796593785286
0.040214721113443375
0.04239217936992645
0.04113277047872543
0.04038827866315842
0.04385220631957054
0.0402473509311676
0.041164010763168335
0.039726611226797104
0.04108474776148796
0.040993280708789825
0.04028479382395744
0.04084004461765289
0.03846203163266182
0.03923219069838524
0.04051800072193146
0.041658177971839905
0.04028429836034775
0.04081370308995247
0.040353916585445404
0.038116052746772766
0.03903090953826904
0.04008990526199341
0.04122024402022362
0.04134807735681534
0.0406058207154274
0.04157070070505142
0.03947532922029495
0.041016608476638794
0.03978321701288223
0.040239445865154266
0.041501373052597046
0.039082761853933334
0.04036847501993179
0.038685392588377
0.04107450693845749
0.04089643806219101
0.04073575511574745
0.04165208339691162
0.040208783000707626
0.039405349642038345
0.041839342564344406
0.03900127112865448
0.04057706147432327
0.041474178433418274
0.040972933173179626
0.042062558233737946
0.041221074759960175
0.03983168303966522
0.04131251201033592
0.03942137956619263
0.040087997913360596
0.042209379374980927
0.039647214114665985
0.04024066776037216
0.04067559540271759
0.040964383631944656
0.03913142532110214
0.03819708526134491
0.042274001985788345
0.03903873264789581
0.04331018030643463
0.040265314280986786
0.04008948802947998
0.040454164147377014
0.038451630622148514
0.04072394594550133
0.03853069245815277
0.03917594254016876
0.03888051211833954
0.04156196117401123
0.03905785456299782
0.0391983687877655
0.041092399507761
0.040575720369815826
0.03980223834514618
0.03963112086057663
0.040015168488025665
0.0409766249358654
0.04105621203780174
0.0383317805826664
0.04116770625114441
0.039554350078105927
0.040474820882081985
0.04015474393963814
0.04259832203388214
0.04180893301963806
0.03865364193916321
0.03932535648345947
0.038104742765426636
0.03815492242574692
0.04194940626621246
0.03836463391780853
0.03999864310026169
0.038858264684677124
0.040624141693115234
0.041287608444690704
0.039306726306676865
0.03991127014160156
0.0391913503408432
0.041033245623111725
0.03939427435398102
0.04168121516704559
0.03926048055291176
0.039839960634708405
0.0395641103386879
0.040658220648765564
0.041593652218580246
0.04021432250738144
0.04049943387508392
0.04168884828686714
0.039160702377557755
0.038549624383449554
0.040473807603120804
0.039618950337171555
0.03655591234564781
0.040374599397182465
0.037934016436338425
0.04129031300544739
0.0407179556787014
0.03952372074127197
0.03897688165307045
0.0402650386095047
0.04007863625884056
0.03812287375330925
0.03922799229621887
0.039461325854063034
0.04026088863611221
0.03970133513212204
0.039140574634075165
0.03976329416036606
0.04132286459207535
0.03985444828867912
0.04006825387477875
0.042060814797878265
0.04072968661785126
0.04086834564805031
0.04046941548585892
0.03946958854794502
0.03870780020952225
0.03877045959234238
0.03948349505662918
0.03975425660610199
0.039287712424993515
0.04036815091967583
0.03932603448629379
0.03915349394083023
0.041580680757761
0.03934282809495926
0.03889339417219162
0.04088271036744118
0.04044097661972046
0.03977453336119652
0.04069983959197998
0.038994692265987396
0.041037507355213165
0.03874434903264046
0.038743168115615845
0.03998225927352905
0.0417923741042614
0.03853785991668701
0.0384477935731411
0.0388074591755867
0.04013573378324509
0.04090100899338722
0.0394601933658123
0.04134448617696762
0.03887864202260971
0.04094985872507095
0.03991425782442093
0.041275668889284134
0.03946933522820473
0.03958141803741455
0.0421116016805172
0.039728470146656036
0.040001265704631805
0.04019731283187866
0.03808165341615677
0.039323750883340836
0.03972507268190384
0.04082956910133362
0.04134272783994675
0.03942544758319855
0.03907366469502449
0.0386858806014061
0.0400996170938015
0.03725138306617737
0.04045551270246506
0.04061201214790344
0.03923165053129196
0.04136711359024048
0.039458729326725006
0.03925834596157074
0.039087846875190735
0.03879589959979057
0.041363462805747986
0.039846356958150864
0.040036074817180634
0.04071406275033951
0.04041179269552231
0.039847277104854584
0.040453195571899414
0.040453340858221054
0.04219841584563255
0.03958303481340408
0.04088927060365677
0.040435582399368286
0.04209853336215019
0.03955883905291557
0.03723795339465141
0.039579734206199646
0.03899494931101799
0.03983018174767494
0.03889905661344528
0.040899019688367844
0.03947236388921738
0.03963056206703186
0.04037337005138397
0.03891429305076599
0.036733973771333694
0.04049459099769592
0.03908439725637436
0.03819120675325394
0.03908512741327286
0.04004290699958801
0.04037598520517349
0.03794865310192108
0.03911218419671059
0.04111737757921219
0.041411224752664566
0.04047664254903793
0.03898937255144119
0.040793515741825104
0.03939100354909897
0.04096408933401108
0.03805854171514511
0.04033248499035835
0.03989472985267639
0.03948131576180458
0.03964270278811455
0.038799092173576355
0.04108918830752373
0.03796783462166786
0.03732800483703613
0.03803681209683418
0.04145730659365654
0.04082421958446503
0.03863978013396263
0.039042942225933075
0.037992190569639206
0.03826630488038063
0.03928298503160477
0.0382758192718029
0.03818149119615555
0.04103276878595352
0.039846379309892654
0.04161854088306427
0.03921031206846237
0.040731221437454224
0.04132453352212906
0.042540792375802994
0.038877278566360474
0.04132258892059326
0.04066599905490875
0.03898060321807861
0.04009046405553818
0.03865816071629524
0.03984460234642029
0.04052526503801346
0.03767237812280655
0.03850691765546799
0.04118506610393524
0.03870644420385361
0.040651604533195496
0.038047607988119125
0.03924979269504547
0.03818456083536148
0.03926730901002884
0.0413481704890728
0.04004134610295296
0.0402858704328537
0.0395539253950119
0.040957361459732056
0.03935813531279564
0.039820849895477295
0.04092731326818466
0.03882809355854988
0.03881853446364403
0.0399821512401104
0.04058975726366043
0.03961119428277016
0.04100004956126213
0.03968851640820503
0.03789658471941948
0.03847136348485947
0.04102163016796112
0.039282046258449554
0.038282714784145355
0.03948570042848587
0.03976654261350632
0.0412689670920372
0.043130502104759216
0.037600014358758926
0.03716456517577171
0.03758682683110237
0.038661450147628784
0.038796138018369675
0.039294686168432236
0.041602425277233124
0.04113597422838211
0.04137340933084488
0.041432078927755356
0.0404907688498497
0.038767509162425995
0.038336966186761856
0.03935186192393303
0.039019033312797546
0.039445050060749054
0.04054899886250496
0.04018135368824005
0.03898465260863304
0.036760203540325165
0.039753712713718414
0.039532437920570374
0.03983393311500549
0.03991344943642616
0.038472581654787064
0.04127078503370285
0.03874961659312248
0.0403154082596302
0.038797054439783096
0.04044158756732941
0.039503421634435654
0.040237151086330414
0.040493790060281754
0.03827553242444992
0.04032353684306145
0.040312036871910095
0.03937090188264847
0.03869445621967316
0.04049557447433472
0.04078291356563568
0.041521474719047546
0.04023545980453491
0.039135001599788666
0.040094926953315735
0.04014204442501068
0.03692082688212395
0.04039115831255913
0.03918010741472244
0.03928414359688759
0.040263209491968155
0.03737221658229828
0.040369100868701935
0.038500867784023285
0.03706047311425209
0.040392905473709106
0.0417630672454834
0.040384795516729355
0.03934532403945923
0.04119173437356949
0.04128580167889595
0.04006507992744446
0.037639081478118896
0.04199071228504181
0.04006792604923248
0.03900688886642456
0.03977157920598984
0.04028896987438202
0.038985710591077805
0.04029661417007446
0.03762151300907135
0.03839077427983284
0.03823656588792801
0.039033375680446625
0.04029830917716026
0.04223053902387619
0.040309637784957886
0.0380021333694458
0.039748504757881165
0.0382564477622509
0.041765451431274414
0.03936126083135605
0.03752164915204048
0.03862029314041138
0.040405742824077606
0.03723564371466637
0.03970453143119812
0.03829211741685867
0.04021406173706055
0.039430271834135056
0.03971799835562706
0.040547728538513184
0.040259867906570435
0.03816918283700943
0.037929728627204895
0.03914368897676468
0.03858116269111633
0.041092973202466965
0.03953748941421509
0.04065847024321556
0.03900017589330673
0.039768099784851074
0.040423862636089325
0.039827071130275726
0.03650259971618652
0.037570592015981674
0.039045561105012894
0.03809521719813347
0.04003479704260826
0.038181278854608536
0.03946857899427414
0.040292929857969284
0.03866267576813698
0.04125942289829254
0.03735881298780441
0.039662040770053864
0.04102807119488716
0.03990628570318222
0.039325784891843796
0.04004933685064316
0.04011913761496544
0.039750538766384125
0.03942449018359184
0.03900373727083206
0.04133138805627823
0.03908313810825348
0.03805949538946152
0.04085104912519455
0.03680124133825302
0.039661258459091187
0.04062765836715698
0.03891701623797417
0.041198112070560455
0.03976692631840706
0.04117643088102341
0.04154924303293228
0.03930876776576042
0.038747310638427734
0.038376837968826294
0.038306623697280884
0.03962129354476929
0.040625255554914474
0.040387772023677826
0.038054414093494415
0.04121389240026474
0.04028341919183731
0.038350366055965424
0.037707600742578506
0.03897946700453758
0.039381567388772964
0.037836574018001556
0.03924134373664856
0.04081491380929947
0.0388120636343956
0.04185618832707405
0.03919769823551178
0.03811920806765556
0.03831646963953972
0.03960845619440079
0.039074189960956573
0.03942546993494034
0.03990378603339195
0.039745330810546875
0.03931141644716263
0.04031074419617653
0.03932962939143181
0.039958372712135315
0.038811661303043365
0.04037817567586899
0.04047653079032898
0.040225133299827576
0.03987788408994675
0.039069533348083496
0.03975372761487961
0.03951636701822281
0.039966195821762085
0.03845982253551483
0.03928207606077194
0.04148450493812561
0.037617869675159454
0.04147522896528244
0.03875981271266937
0.040033262223005295
0.039609394967556
0.038121484220027924
0.03942791372537613
0.03989669680595398
0.038855697959661484
0.04019959270954132
0.03924946114420891
0.037790656089782715
0.0385245606303215
0.04062039777636528
0.04152197390794754
0.04017655923962593
0.04041941091418266
0.03902323544025421
0.03836779668927193
0.037973906844854355
0.03847009688615799
0.0397707037627697
0.03952145576477051
0.038263700902462006
0.038931649178266525
0.041121553629636765
0.037739433348178864
0.03833574801683426
0.037947047501802444
0.040840353816747665
0.038694459944963455
0.03857440501451492
0.041384678333997726
0.03978428989648819
0.04171890392899513
0.0388546884059906
0.03970562666654587
0.039534758776426315
0.038975030183792114
0.03777509927749634
0.03586550056934357
0.04203905910253525
0.03894706070423126
0.03914302587509155
0.04110218584537506
0.040310658514499664
0.039367616176605225
0.04042406007647514
0.03951790928840637
0.03894944489002228
0.03732442110776901
0.03708561509847641
0.04080449789762497
0.03907401114702225
0.03965079411864281
0.039776429533958435
0.03964107483625412
0.039382610470056534
0.03897920250892639
0.04093078151345253
0.040222685784101486
0.03891751915216446
0.03867943584918976
0.03959599509835243
0.03950640559196472
0.038429077714681625
0.039845891296863556
0.041039399802684784
0.03894471377134323
0.040584221482276917
0.0412151962518692
0.03892078995704651
0.04126796871423721
0.039094507694244385
0.03770098462700844
0.038783133029937744
0.04134851694107056
0.03991018980741501
0.040714800357818604
0.03912799805402756
0.03941003233194351
0.039379581809043884
0.03770079091191292
0.040003031492233276
0.040888674557209015
0.03792724013328552
0.041357383131980896
0.039471596479415894
0.03918351233005524
0.03942089527845383
0.03980010002851486
0.03979713097214699
0.038306575268507004
0.04028339684009552
0.040777284651994705
0.04077165573835373
0.03757263720035553
0.0360950231552124
0.040172286331653595
0.041878681629896164
0.039100952446460724
0.040563832968473434
0.03846972808241844
0.038820259273052216
0.040837809443473816
0.03989284858107567
0.036931633949279785
0.038667161017656326
0.03843849524855614
0.03768372908234596
0.038834843784570694
0.04163496196269989
0.04036877304315567
0.039057645946741104
0.037191689014434814
0.03972762078046799
0.040401965379714966
0.0387694276869297
0.040575385093688965
0.04093729332089424
0.035643093287944794
0.03878660127520561
0.03788340836763382
0.039801791310310364
0.04068709909915924
0.038460105657577515
0.037827253341674805
0.03848373889923096
0.03858806937932968
0.03859689086675644
0.0383991040289402
0.03932800143957138
0.03752436861395836
0.03765029460191727
0.03630206361413002
0.03913973271846771
0.037436071783304214
0.03954725340008736
0.03996773064136505
0.039173007011413574
0.03936651721596718
0.03877760469913483
0.040485769510269165
0.04046851396560669
0.03937835991382599
0.03813779726624489
0.03958848491311073
0.03851155936717987
0.03947014361619949
0.038997285068035126
0.037739627063274384
0.03950401395559311
0.03929288685321808
0.04014104604721069
0.03909396007657051
0.039746493101119995
0.04081343114376068
0.03856605291366577
0.039772823452949524
0.04079508036375046
0.04066744074225426
0.03931916505098343
0.03697015345096588
0.04103429615497589
0.03828025609254837
0.03762736916542053
0.040981799364089966
0.04112337529659271
0.03977111726999283
0.040394894778728485
0.0369831919670105
0.03887712210416794
0.04116539657115936
0.036564938724040985
0.040223073214292526
0.038688112050294876
0.03758471459150314
0.03998227417469025
0.03945339471101761
0.03825664520263672
0.03736535459756851
0.0363428108394146
0.03680704906582832
0.038457240909338
0.0416678749024868
0.039871230721473694
0.03985713794827461
0.04036605730652809
0.038557104766368866
0.04086887836456299
0.04076393321156502
0.03900160640478134
0.038515668362379074
0.0394577793776989
0.03506133332848549
0.03824286535382271
0.03847222030162811
0.03923434019088745
0.039131857454776764
0.03975626826286316
0.03960471227765083
0.0399278849363327
0.0369977243244648
0.03746098279953003
0.0407770499587059
0.039694201201200485
0.040022194385528564
0.03870110958814621
0.03801945596933365
0.036483559757471085
0.0382966585457325
0.040213897824287415
0.03916448354721069
0.037860095500946045
0.03647933900356293
0.03915521129965782
0.038974128663539886
0.03893619403243065
0.03869309648871422
0.041913989931344986
0.03927506133913994
0.0379820354282856
0.0392380990087986
0.038909610360860825
0.037894632667303085
0.036001093685626984
0.03675534948706627
0.03794783353805542
0.03855544328689575
0.039041437208652496
0.039217758923769
0.03864021599292755
0.03689252585172653
0.03750627487897873
0.03957633674144745
0.037690743803977966
0.038662731647491455
0.039161790162324905
0.03863323852419853
0.03866127133369446
0.03858528286218643
0.03917435184121132
0.03998084366321564
0.040201179683208466
0.03770323842763901
0.03817120939493179
0.03793754056096077
0.039343446493148804
0.0403926819562912
0.03913792595267296
0.04033438861370087
0.04148724675178528
0.039105046540498734
0.03828282654285431
0.03814655542373657
0.037268467247486115
0.03844220191240311
0.039156727492809296
0.04081884026527405
0.04129418358206749
0.04032939299941063
0.04112941771745682
0.037168748676776886
0.03867414966225624
0.0379985049366951
0.03877366706728935
0.03984351456165314
0.03816783428192139
0.040268424898386
0.03989461809396744
0.038117729127407074
0.03788258135318756
0.0382014624774456
0.039813969284296036
0.038491860032081604
0.04024846851825714
0.040289755910634995
0.0404277965426445
0.038011737167835236
0.03853254020214081
0.04213382676243782
0.03840652108192444
0.03851242735981941
0.03858160227537155
0.04006166011095047
0.04024849086999893
0.03956003859639168
0.03879241272807121
0.03834183141589165
0.03982764482498169
0.0399656668305397
0.03936861827969551
0.03948007896542549
0.037882909178733826
0.03920573368668556
0.03891729563474655
0.03831077367067337
0.037964828312397
0.03817502781748772
0.03988749533891678
0.03981802612543106
0.038505539298057556
0.03862784430384636
0.04009825736284256
0.04016195237636566
0.035408616065979004
0.037760887295007706
0.03984515368938446
0.0408191978931427
0.03858449310064316
0.039569295942783356
0.03961367532610893
0.03774574026465416
0.03782626986503601
0.03811616078019142
0.038205210119485855
0.03946562856435776
0.03819849342107773
0.03804296255111694
0.03765248879790306
0.039919447153806686
0.037316348403692245
0.03765659034252167
0.04000723734498024
0.03669179230928421
0.037415049970149994
0.035410914570093155
0.03844648599624634
0.03965041786432266
0.03905791789293289
0.03753066062927246
0.03900446742773056
0.040066469460725784
0.041341833770275116
0.0382755845785141
0.03935541957616806
0.03750724345445633
0.03662770614027977
0.03759784996509552
0.03908158838748932
0.037642963230609894
0.04006728529930115
0.03802156448364258
0.038586825132369995
0.03807174414396286
0.03829585388302803
0.039609648287296295
0.039188288152217865
0.04138264060020447
0.03891932964324951
0.03685784339904785
0.03969995677471161
0.037862032651901245
0.03888808563351631
0.03932863101363182
0.038306038826704025
0.040202684700489044
0.03858700022101402
0.041043296456336975
0.037234753370285034
0.04059980809688568
0.03952933847904205
0.03842345252633095
0.03964609280228615
0.03910307586193085
0.03827301412820816
0.03806079179048538
0.038067951798439026
0.04030458629131317
0.038743749260902405
0.039748720824718475
0.03782706335186958
0.03985482454299927
0.03825429454445839
0.040233537554740906
0.03797763213515282
0.039590075612068176
0.041608817875385284
0.04010951519012451
0.03853628784418106
0.03856801614165306
0.037072181701660156
0.039353255182504654
0.03844445198774338
0.0383196584880352
0.03923523798584938
0.03896813094615936
0.03985093533992767
0.03744107112288475
0.03898730129003525
0.037484049797058105
0.037502095103263855
0.03784852847456932
0.03770871460437775
0.04107768088579178
0.03655512258410454
0.03881240636110306
0.03893158212304115
0.03840234875679016
0.03982137143611908
0.038859374821186066
0.03846568986773491
0.039282262325286865
0.040200166404247284
0.03679277002811432
0.0382138267159462
0.037331242114305496
0.038942448794841766
0.038701046258211136
0.038474325090646744
0.04182606190443039
0.03763318434357643
0.0379895344376564
0.03903184086084366
0.037644557654857635
0.039998382329940796
0.039400096982717514
0.040209777653217316
0.04012119024991989
0.037899911403656006
0.03895304724574089
0.03740931302309036
0.03879762440919876
0.03829805180430412
0.041610002517700195
0.038064926862716675
0.04001615196466446
0.03841356188058853
0.04009207338094711
0.04065192863345146
0.0395960658788681
0.03708977252244949
0.037666503340005875
0.03828088194131851
0.03829086199402809
0.039556968957185745
0.03732885792851448
0.03837011381983757
0.03834919631481171
0.039119284600019455
0.03679853305220604
0.03791102021932602
0.03602157160639763
0.039003919810056686
0.037196554243564606
0.0392235592007637
0.03967294096946716
0.03864223137497902
0.038639239966869354
0.03676683455705643
0.038622792810201645
0.03799319267272949
0.03865529224276543
0.041593872010707855
0.03936884179711342
0.03749369457364082
0.03801673650741577
0.04071410745382309
0.039183273911476135
0.03906779736280441
0.03867695853114128
0.03704461827874184
0.03905100375413895
0.03830583766102791
0.03707871586084366
0.03754066303372383
0.0386781319975853
0.0376015342772007
0.03920179605484009
0.03863321989774704
0.03960679471492767
0.03989533707499504
0.03733495622873306
0.038889847695827484
0.041617415845394135
0.03819388523697853
0.0386221781373024
0.03833138942718506
0.03938805311918259
0.03693648427724838
0.03966367989778519
0.03868255019187927
0.038033224642276764
0.03840598836541176
0.03748003765940666
0.038932908326387405
0.03887677937746048
0.04154700040817261
0.040151357650756836
0.04007105156779289
0.03860989958047867
0.0376005694270134
0.03983296453952789
0.039733681827783585
0.040136076509952545
0.03850363940000534
0.040132418274879456
0.03872472792863846
0.037728603929281235
0.03870481997728348
0.03792101889848709
0.04046989604830742
0.03849641978740692
0.03933953121304512
0.03771091252565384
0.03892411291599274
0.041109032928943634
0.037465766072273254
0.03737999498844147
0.038231998682022095
0.038053400814533234
0.03909652680158615
0.038921140134334564
0.039017826318740845
0.03719443082809448
0.039315562695264816
0.037753768265247345
0.039795927703380585
0.03676478564739227
0.03739781677722931
0.03762611374258995
0.039024047553539276
